11111111111111111111111111111111111111111111111111111111111111111111111111111111111111111111111111111111111111111111111111111111111111111111111111111111111111111111111111111111111111111111111111111111
10000000000000000000000000000000000000000000000000000000000000000000000000000000000000000000000000000000000000000000000000000000000000000000000000000000000000000000000000000000000000000000000000000001
10000000000000000000000000000000000000000000000000000000000000000000000000000000000000000000000000000000000000000000000000000000000000000000000000000000000000000000000000000000000000000000000000000001
10011111110000000000000000000000000000000000000001111111000000000000000000000000000000000000000000000000000000000000000000011111111111111111111111111111111111111111111111111111111111111111111111111101
10011111110000000000000000000000000000000000000001111111000000000000000000000000000000000000000000000000000000000000000000011111111111111111111111111111111111111111111111111111111111111111111111111101
10011111110000000000000000000000000000000000000001111111000000000000000000000000000000000000000000000000000000000000000000011111111111111111111111110000000001111111000000000111111111111111111111111101
10011111110000000000000000000000000000000000000001111111000000000000000000000000000000000000000000000000000000000000000000011111111100000000000000000000000001111111000000000000000000000000011111111101
10011111110000000000000000000000000000000000000001111111000000000000000000000000000000000000000000000000000000000000000000011111111100000000000000000000000001111111000000000000000000000000011111111101
10011111111111111111110000001111111111111111111111111111000000000000000000000000000000000000000000000000000000000000000000011111111100000000000000000000000001111111000000000000000000000000011111111101
10011111110000000000000000000000000000000000000001111111000000000000000000000000000000000000000000000000000000000000000000011111111100000000000000000000000000000000000000000000000000000000011111111101
10000000000000000000000000000000000000000000000000000001000000000000000000000000000000000000000000000000000000000000000000011111111100000000000000000000000000000000000000000000000000000000011111111101
10000000000000000000000000000000000000000000000000000001000000000000000000000000000000000000000000000000000000000000000000011111111111111111111111111111111111111111111111111111111111111111111111111101
10000000000000000000000000000000000000111111111000011111111111111111100000000000000000000000000000000000000000000000000000011111111111111111111111111111111111111111111111111111111111111111111111111101
10000000000000000000000000000000000000000000000000000001000000000000000000000000000000000000000000000000000000000000000000011000000000000000000000000000000000000000000000000000000000000000000000001101
10000000000000000000000000000000111111100000000000000001001111111110000000000000000000000000000000000000000000000000000000011000000000000000000000000000000000000000000000000000000000000000000000001101
10000000000000000000000000000000111111100000000000000001001111111110000000000000000000000000000000000000000000000000000000011000000000000000000000000000000000000000000000000000000000000000000000001101
10000000000000000000000000000000111111100000000000000001001111111110000000000000000000000000000000000000000000000000000000011000000000000000000000000000000000000000000000000000000000000000000000001101
10000000000000000000000000000000111111100000000000000001001111111110000000000000000000000000000000000000000000000000000000011000000000000000000000000000000000000000000000000000000000000000000000001101
10000000000000000000000000000000111111100000000000000001001111111110000000000000000000000000000000000000000000000000000000011111111111000011000000000000000000000000000000000000000001100001111111111101
10000000000000000000000000000000111111100000000000000001001111111110000000000000000000000000000000000000000000000000000000011100000001000011000000000000000000000000000000000000000001100001000000011101
10000000000000000000000000000000111111100000000000000000001100001110000000000000000000000000000000000000000000000000000000011100000001000011000000000000000000000000000000000000000001100001000000011101
10000000000000000000000000000000000000000000000000000000001111111110000000000000000000000000000000000000000000000000000000011100000000000000000000000000000000000000000000000000000000000000000000011101
10000000000000000000000000000000000000000000000000000000001111111110000000000000000000000000000000000000000000000000000000011100000000000000000000000000000000000000000000000000000000000000000000011101
10000000000000000000000000000000000000000000000000000000000000000000000000000000000000000000000000000000000000000000000000011100000000000000000000000000000000000000000000000000000000000000000000011101
10000000000000000000000000000000000000000000000000000000000000000000000000000000000000000000000000000000000000000000000000011100000001000000000000000000000000000000000000000000000000000001000000011101
10000000000000000000000000000000000000000000000000000000000000000000000000000000000000000000000000000000000000000000000000011100000001000000000000000000000000000000000000000000000000000001000000011101
10000000000000000000000000000000000000000000000000000001000000000000000000000000000000000000000000000000000000000000000000011111111111000011000000000000000000000000000000000000000001100001111111111101
10000000000000000000000000000000000000000000000000000001000000000000000000000000000000000000000000000000000000000000000000011000000000000011000000000000000000000000000000000000000001100000000000001101
10000000000000000000000000000000000000000000000011111111000000000000000000000000000000000000000000000000000000000000000000011000000000000011000000000000000000000000000000000000000001100000000000001101
10000000000000000000000000000000000000000000000011111111000000000000000000000000000000000000000000000000000000000000000000011000000000000000000000000000000000000000000000000000000000000000000000001101
10000000000000000000000000000000000000000000000011111111000000000000000000000000000000000000000000000000000000000000000000011000000000000000000000000000000000000000000000000000000000000000000000001101
10000000000000000000000000000000000000000000000011111111000000000000000000000000000000000000000000000000000000000000000000011000000000000000000000000000000000000000000000000000000000000000000000001101
10011111111111111111111100000011111111111111111111111111000000000000000000000000000000000000000000000000000000000000000000011000000000000000000000000000000000000000000000000000000000000000000000001101
10000000000000000000000000000000000000000000000011111111000000000000000000000000000000000000000000000000000000000000000000011000000000000000000000000000000000000000000000000000000000000000000000001101
10000000000000000000000000000000000000000000000011111111000000000000000000000000000000000000000000000000000000000000000000011111111111000011000000000000000000000000000000000000000001100001111111111101
10000000000000000000000000000000000000000000000000000001000000000000000000000000000000000000000000000000000000000000000000011100000001000011000000000000000000000000000000000000000001100001000000011101
10000000000000000000000000000000000000000000000000000001000000000000000000000000000000000000000000000000000000000000000000011100000001000011000000000000000000000000000000000000000001100001000000011101
10000000000000000000000000000000000000000000000000000001000000000000000000000000000000000000000000000000000000000000000000011100000000000000000000000000000000000000000000000000000000000000000000011101
10000000000000000000000000000000000000000000000000000001000000000000000000000000000000000000000000000000000000000000000000011100000000000000000000000000000000000000000000000000000000000000000000011101
10000000000000000000000000000000000000000000000001111111000000000000000000000000000000000000000000000000000000000000000000011100000000000000000000000000000000000000000000000000000000000000000000011101
10000000000000000000000000000000000000000000000001111111000000000000000000000000000000000000000000000000000000000000000000011100000001000000000000000000000000000000000000000000000000000001000000011101
10000000000000000000000000000000000000000000000001111111000000000000000000000000000000000000000000000000000000000000000000011100000001000000000000000000000000000000000000000000000000000001000000011101
10000000000000000000000000000000000000000000000001111111000000000000000000000000000000000000000000000000000000000000000000011111111111000011000000000000000000000000000000000000000001100001111111111101
10000000000000000000000000000000000000000000000001111111000000000000000000000000000000000000000000000000000000000000000000011000000000000011000000000000000000000000000000000000000001100000000000001101
10000000000000000000000000000000000000000000000001111111000000000000000000000000000000000000000000000000000000000000000000011000000000000011000000000000000000000000000000000000000001100000000000001101
10000000000000000000000000000000000000000000000001111111000000000000000000000000000000000000000000000000000000000000000000011000000000000000000000000000000000000000000000000000000000000000000000001101
10000000000000000000000000000000000000111110011111111001000000000000000000000000000000000000000000000000000000000000000000011000000000000000000000000000000000000000000000000000000000000000000000001101
10000000000000000000000000000000000000100000000000001000000000000000000000000000000000000000000000000000000000000000000000011000000000000000000000000000000000000000000000000000000000000000000000001101
10001111100111111100011111001111111000100000000000001000000000000000000000000000000000000000000000000000000000000000000000011000000000000000000000000000000000000000000000000000000000000000000000001101
10001000000000000100010000000000001000100000000000001000000000000000000000000000000000000000000000000000000000000000000000011000000000000000000000000000000000000000000000000000000000000000000000001101
10001000000000000100010000000000001000100000000000001000000000000000000000000000000000000000000000000000000000000000000000011111111111000011000000000000000000000000000000000000000001100001111111111101
10001000000000000100010000000000001000100000000000001000000000000000000000000000000000000000000000000000000000000000000000011100000001000011000000000000000000000000000000000000000001100001000000011101
10001000000000000100010000000000001000100000000000001000000000000000000000000000000000000000000000000000000000000000000000011100000001000011000000000000000000000000000000000000000001100001000000011101
10001000000000000100010000000000001000100000000000001000000000000000000000000000000000000000000000000000000000000000000000011100000000000000000000000000000000000000000000000000000000000000000000011101
10001000000000000100010000000000001000100000000000001000000000000000000000000000000000000000000000000000000000000000000000011100000000000000000000000000000000000000000000000000000000000000000000011101
10001000000000000100010000000000001000100000000000001000000000000000000000000000000000000000000000000000000000000000000000011100000000000000000000000000000000000000000000000000000000000000000000011101
10001000000000000100010000000000001000100000000000001000000000000000000000000000000000000000000000000000000000000000000000011100000001000000000000000000000000000000000000000000000000000001000000011101
10001000000000000100010000000000001000100000000000001000000000000000000000000000000000000000000000000000000000000000000000011100000001000000000000000000000000000000000000000000000000000001000000011101
10001000000000000100011111111111111000100000000000001000000000000000000000000000000000000000000000000000000000000000000000011111111111000011000000000000000000000000000000000000000001100001111111111101
10001000000000000100000000000000000000100000000000001000000000000000000000000000000000000000000000000000000000000000000000011000000000000011000000000000000000000000000000000000000001100000000000001101
10001111111111111100000000000000000000111100001111111000000000000000000000000000000000000000000000000000000000000000000000011000000000000011000000000000000000000000000000000000000001100000000000001101
10000000000000000000000000000000000000000000000000000000000000000000000000000000000000000000000000000000000000000000000000011000000000000000000000000000000000000000000000000000000000000000000000001101
10000000000000000000000000000000000000000000000000000000000000000000000000000000000000000000000000000000000000000000000000011000000000000000000000000000000000000000000000000000000000000000000000001101
10000000000000000000000000000000000000000000000000000000000000000000000000000000000000000000000000000000000000000000000000011000000000000000000000000000000000000000000000000000000000000000000000001101
10000000000000000000000000000000000000000000000000000000000000000000000000000000000000000000000000000000000000000000000000011000000000000000000000000000000000000000000000000000000000000000000000001101
10000000000000000000000000000000000000000000000000000000000000000000000000000000000000000000000000000000000000000000000000011000000000000000000000000000000000000000000000000000000000000000000000001101
10000000000000000000000000000000000000000000000000000000000000000000000000000000000000000000000000000000000000000000000000011000000000000011000000000000000000000000000000000000000001100000000000001101
10000000000000000000000000000000000000000000000000000000000000000000000000000000000000000000000000000000000000000000000000011000000000000011000000000000000000000000000000000000000001100000000000001101
10000000000000000000000000000000000000000000000000000000000000000000000000000000000000000000000000000000000000000000000000011000000000000011000000000000000000000000000000000000000001100000000000001101
10000000000000000000000000000000000000000000000000000000000000000000000000000000000000000000000000000000000000000000000000011000000000000000000000000000000000000000000000000000000000000000000000001101
10000000000000000000000000000000000000000000000000000000000000000000000000000000000000000000000000000000000000000000000000011000000000000000000000000000000000000000000000000000000000000000000000001101
10000000000000000000000000000000000000000000000000000000000000000000000000000000000000000000000000000000000000000000000000011000000000000000000000000000000000000000000000000000000000000000000000001101
10000000000000000000000000000000000000000000000000000000000000000000000000000000000000000000000000000000000000000000000000011000000000000000000000000000000000000000000000000000000000000000000000001101
10000000000000000000000000000000000000000000000000000000000000000000000000000000000000000000000000000000000000000000000000011000000000000000000000000000000000000000000000000000000000000000000000001101
10000000000000000000000000000000000000000000000000000000000000000000000000000000000000000000000000000000000000000000000000011000000000000000000000000000000000000000000000000000000000000000000000001101
10000000000000000000000000000000000000000000000000000000000000000000000000000000000000000000000000000000000000000000000000011000000000000000000000000000000000000000000000000000000000000000000000001101
10000000000000000000000000000000000000000000000000000000000000000000000000000000000000000000000000000000000000000000000000011000000000000000000000000000000000000000000000000000000000000000000000001101
10000000000000000000000000000000000000000000000000000000000000000000000000000000000000000000000000000000000000000000000000011000000000000000000000000000000000000000000000000000000000000000000000001101
10000000000000000000000000000000000000000000000000000000000000000000000000000000000000000000000000000000000000000000000000000000000000000000000000000000000000000000000000000000000000000000000000000001
10000000000000000000000000000000000000000000000000000000000000000000000000000000000000000000000000000000000000000000000000000000000000000000000000000000000000000000000000000000000000000000000000000001
10000000000000000000000000000000000000000000000000000000000000000000000000000000000000000000000000000000000000000000000000000000000000000000000000000000000000000000000000000000000000000000000000000001
10000000000000000000000000000000000000000000000000000000000000000000000000000000000000000000000000000000000000000000000000000000000000000000000000000000000000000000000000000000000000000000000000000001
10000000000000000000000000000000000000000000000000000000000000000000000000000000000000000000000000000000000000000000000000000000000000000000000000000000000000000000000000000000000000000000000000000001
10000000000000000000000000000000000000000000000000000000000000000000000000000000000111111111111110000000111111111111110000000000000000000000000000000000000000000000000000000000000000000000000000000001
10000000000000000000000000000000000000000000000000000000000000000000000000000000000111111111111110000000111111111111110000000000000000000000000000000000000000000000000000000000000000000000000000000001
10000000000000000000000000000000000000000000000000000000000000000000000000000000000111111111111110000000111111111111110000000000000000000000000000000000000000000000000000000000000000000000000000000001
10000000000000000000000000000000000000000000000000000000000000000000000000000000000111111111100000000000000011111111110000000000000000000000000000000000000000000000000000000000000000000000000000000001
10000000000000000000000000000000000000000000000000000000000000000000000000000000000111111111100000000000000011111111110000000000000000000000000000000000000000000000000000000000000000000000000000000001
10000000000000000000000000000000000000000000000000000000000000000000000000000000000111111111100000000000000011111111110000000000000000000000000000000000000000000000000000000000000000000000000000000001
10000000000000000000000000000000000000000000000000000000000000000000000000000000000111111111100000000000000011111111110000000000000000000000000000000000000000000000000000000000000000000000000000000001
10000000000000000000000000000000000000000000000000000000000000000000000000000000000111111111100000000000000011111111110000000000000000000000000000000000000000000000000000000000000000000000000000000001
10000000000000000000000000000000000000000000000000000000000000000000000000000000000111111111111111000001111111111111110000000000000000000000000000000000000000000000000000000000000000000000000000000001
10000000000000000000000000000000000000000000000000000000000000000000000000000000000111111111111111111111111111111111110000000000000000000000000000000000000000000000000000000000000000000000000000000001
10000000000000000000000000000000000000000000000000000000000000000000000000000000000111000001100000000000000011000001110000000000000000000000000000000000000000000000000000000000000000000000000000000001
10000000000000000000000000000000000000000000000000000000000000000000000000000000000111000001100000000000000011000001110000000000000000000000000000000000000000000000000000000000000000000000000000000001
10000000000000000000000000000000000000000000000000000000000000000000000000000000000111000001100000000000000011000001110000000000000000000000000000000000000000000000000000000000000000000000000000000001
10000000000000000000000000000000000000000000000000000000000000000000000000000000000111000001100011111111100011000001110000000000000000000000000000000000000000000000000000000000000000000000000000000001
10000000000000000000000000000000000000000000000000000000000000000000000000000000000000000001100011111111100011000000000000000000000000000000000000000000000000000000000000000000000000000000000000000001
10000000000000000000000000000000000000000000000000000000000000000000000000000000000000000000100011000001100010000000000000000000000000000000000000000000000000000000000000000000000000000000000000000001
10000000000000000000000000000000000000000000000000000000000000000000000000000000000000000000100011000001100010000000000000000000000000000000000000000000000000000000000000000000000000000000000000000001
10000000000000000000000000000000000000000000000000000000000000000000000000000000000000000000100011000001100010000000000000000000000000000000000000000000000000000000000000000000000000000000000000000001
10000000000000000000000000000000000000000000000000000000000000000000000000000000000000000000100011000001100010000000000000000000000000000000000000000000000000000000000000000000000000000000000000000001
10000000000000000000000000000000000000000000000000000000000000000000000000000000000000000000100011000001100010000000000000000000000000000000000000000000000000000000000000000000000000000000000000000001
10000000000000000000000000000000000000000000000000000000000000000000000000000000000000000001100011111111100011000000000000000000000000000000000000000000000000000000000000000000000000000000000000000001
10000000000000000000000000000000000000000000000000000000000000000000000000000000000111000001100011100011100011000001110000000000000000000000000000000000000000000000000000000000000000000000000000000001
10000000000000000000000000000000000000000000000000000000000000000000000000000000000111000001100000000000000011000001110000000000000000000000000000000000000000000000000000000000000000000000000000000001
10000000000000000000000000000000000000000000000000000000000000000000000000000000000111000001100000000000000011000001110000000000000000000000000000000000000000000000000000000000000000000000000000000001
10000000000000000000000000000000000000000000000000000000000000000000000000000000000111000001100000000000000011000001110000000000000000000000000000000000000000000000000000000000000000000000000000000001
10000000000000000000000000000000000000000000000000000000000000000000000000000000000111111111111111111111111111111111110000000000000000000000000000000000000000000000000000000000000000000000000000000001
10000000000000000000000000000000000000000000000000000000000000000000000000000000000111111111111111000001111111111111110000000000000000000000000000000000000000000000000000000000000000000000000000000001
10000000000000000000000000000000000000000000000000000000000000000000000000000000000111111111100000000000000011111111110000000000000000000000000000000000000000000000000000000000000000000000000000000001
10000000000000000000000000000000000000000000000000000000000000000000000000000000000111111111100000000000000011111111110000000000000000000000000000000000000000000000000000000000000000000000000000000001
10000000000000000000000000000000000000000000000000000000000000000000000000000000000111111111100000000000000011111111110000000000000000000000000000000000000000000000000000000000000000000000000000000001
10000000000000000000000000000000000000000000000000000000000000000000000000000000000111111111100000000000000011111111110000000000000000000000000000000000000000000000000000000000000000000000000000000001
10000000000000000000000000000000000000000000000000000000000000000000000000000000000111111111100000000000000011111111110000000000000000000000000000000000000000000000000000000000000000000000000000000001
10000000000000000000000000000000000000000000000000000000000000000000000000000000000111111111111110000000111111111111110000000000000000000000000000000000000000000000000000000000000000000000000000000001
10000000000000000000000000000000000000000000000000000000000000000000000000000000000111111111111110000000111111111111110000000000000000000000000000000000000000000000000000000000000000000000000000000001
10000000000000000000000000000000000000000000000000000000000000000000000000000000000111111111111110000000111111111111110000000000000000000000000000000000000000000000000000000000000000000000000000000001
10000000000000000000000000000000000000000000000000000000000000000000000000000000000000000000000000000000000000000000000000000000000000000000000000000000000000000000000000000000000000000000000000000001
10000000000000000000000000000000000000000000000000000000000000000000000000000000000000000000000000000000000000000000000000000000000000000000000000000000000000000000000000000000000000000000000000000001
10000000000000000000000000000000000000000000000000000000000000000000000000000000000000000000000000000000000000000000000000000000000000000000000000000000000000000000000000000000000000000000000000000001
10000000000000000000000000000000000000000000000000000000000000000000000000000000000000000000000000000000000000000000000000000000000000000000000000000000000000000000000000000000000000000000000000000001
10000000000000000000000000000000000000000000000000000000000000000000000000000000000000000000000000000000000000000000000000000000000000000000000000000000000000000000000000000000000000000000000000000001
10000000000000000000000000000000000000000000000000000000000000000000000000000000000000000000000000000000000000000000000000000011000011000011000011000011000010000000000011000011000011000011000011000001
10000000000010000000000000000000000000000000000000000001000000000000000000000000000000000000000000000000000000000000000000000011000011000011000011000011000010000000000011000011000011000011000011000001
10000000000010000000000000000000000000000000000000000001000000000000000000000000000000000000000000000000000000000000000000000000000000000000000000000000000000000000000000000000000000000000000000000001
10000000000010000000000000000000000000000000000000000001000000000000000000000000000000000000000000000000000000000000000000011000000000000000000000000000000000000000000000000000000000000000000000001101
10000000000010000000000000000000000000000000000000000001000000000000000000000000000000000000000000000000000000000000000000011000000000000000000000000000000000000000000000000000000000000000000000001101
10000000000010000000000000000000000000000000000000000001000000000000000000000000000000000000000000000000000000000000000000000000000000000000000000000000000000000000000000000000000000000000000000000001
10000000000010000000000000000000000000000000000000000001000000000000000000000000000000000000000000000000000000000000000000000000000000000000000000000000000000000000000000000000000000000000000000000001
10011000011111111111111111111111111111111111111111111111000000000000100000000000000000000000000000000000000000000000000000000000001111000001111000001111000000000000001111000001111000001111000000000001
10000000000010000000000000000000000000000000000000000001000000000000100000000000000000000000000000000000000000000000000000000000001111000001111000001111000000000000001111000001111000001111000000000001
10000000000010000000000000000000000000000000000000000001000000000000100000000000000000000000000000000000000000000000000000011000001111000001111000001111000000000000001111000001111000001111000000001101
10000000000010000000000000000000000000000000000000000001000000000000100000000000000000000000000000000000000000000000000000011000000000000000000000000000000000000000000000000000000000000000000000001101
10000000000010000000000000000000000000000000000000000001000000000000100000000000000000000000000000000000000000000000000000000000000000000000000000000000000000000000000000000000000000000000000000000001
10000000000010000000000000000000000000000000000000000001000000000000100000000000000000000000000000000000000000000000000000000000000000000000000000000000000000000000000000000000000000000000000000000001
10000000000010000000000000000000000000000000000000000001000000000000100000000000000000000000000000000000000000000000000000000000000000000000000000000000000000000000000000000000000000000000000000000001
10000000000010000000000000000000000000000000000000000001000000000000100000000000000000000000000000000000000000000000000000000000000000000000000000000000000000000000000000000000000000000000000000000001
10000000000010000000001111111111111111111111111111000011111111111111111111111000000000000000000000000000000000000000000000011000000000000000000000000000000000000000000000000000000000000000000000001101
10000000000010000000000000000000000100000000000000000001000000000000100000000000000000000000000000000000000000000000000000011000001111000001111000001111000000000000001111000001111000001111000000001101
10000000000010000000000000000000000100000000000000000001000000000000100000000000000000000000000000000000000000000000000000000000001111000001111000001111000000000000001111000001111000001111000000000001
10000000000010000000000000000000000100000000000000000000000000000000100000000000000000000000000000000000000000000000000000000000001111000001111000001111000000000000001111000001111000001111000000000001
10000000000010000000000000000000000100000000000000000000000000000000100000000000000000000000000000000000000000000000000000000000000000000000000000000000000000000000000000000000000000000000000000000001
10000000000010000000000000000000000100000000000000000000000000000000100000000000000000000000000000000000000000000000000000000000000000000000000000000000000000000000000000000000000000000000000000000001
10000000000010000000000000000000000100000000000000000000000000000000100000000000000000000000000000000000000000000000000000011000000000000000000000000000000000000000000000000000000000000000000000001101
10000000000010000000000000000000000100000000000000000000000000000000100000000000000000000000000000000000000000000000000000011000000000000000000000000000000000000000000000000000000000000000000000001101
10011111111111111111111111111100001111111111111111111111111000000000100000000000000000000000000000000000000000000000000000000000000000000000000000000000000000000000000000000000000000000000000000000001
10000000000010000000000000000000000100000000000000000000000000000000100000000000000000000000000000000000000000000000000000000000000000000000000000000000000000000000000000000000000000000000000000000001
10000000000010000000000000000000000100000000000000000001000000000000100000000000000000000000000000000000000000000000000000000000001111000001111000001111000000000000001111000001111000001111000000000001
10000000000000000000000000000000000100000000000000000001000000000000100000000000000000000000000000000000000000000000000000000000001111000001111000001111000000000000001111000001111000001111000000000001
10000000000000000000000000000000000100000000000000000001000000000000100000000000000000000000000000000000000000000000000000011000001111000001111000001111000000000000001111000001111000001111000000001101
10000000000000000000000000000000000100000000000000000001000000000000100000000000000000000000000000000000000000000000000000011000000000000000000000000000000000000000000000000000000000000000000000001101
10000000000000000000000000000000000100000000000000000001000000000000100000000000000000000000000000000000000000000000000000000000000000000000000000000000000000000000000000000000000000000000000000000001
10000000000000000000000000000000000100000000000000000001000000000000100000000000000000000000000000000000000000000000000000000000000000000000000000000000000000000000000000000000000000000000000000000001
10000000000000000000001111111111111111111111111111111111111111111111111111111000000000000000000000000000000000000000000000000000000000000000000000000000000000000000000000000000000000000000000000000001
10000000000000000000000001000000000100000000000000000001000000000000100000000000000000000000000000000000000000000000000000000000000000000000000000000000000000000000000000000000000000000000000000000001
10000000000000000000000001000000000100000000000000000001000000000000000000000000000000000000000000000000000000000000000000011000000000000000000000000000000000000000000000000000000000000000000000001101
10000000000000000000000001000000000100000000000000000001000000000000000000000000000000000000000000000000000000000000000000000000000000000000000000000000000000000000000000000000000000000000000000000001
10000000000000000000000001000000000100000000000000000001000000000000000000000000000000000000000000000000000000000000000000000000000000000000000000000000000000000000000000000000000000000000000000000001
10000000000000000000000001000000000100000000000000000001000000000000000000000000000000000000000000000000000000000000000000000000000000000000000000000000000000000000000000000000000000000000000000000001
10000000000000000000000001000000000100000000000000000001000000000000000000000000000000000000000000000000000000000000000000000000000000000000000000000000000000000000000000000000000000000000000000000001
10000000000000000000000001000000000100000000000000000001000000000000000000000000000000000000000000000000000000000000000000000000000000000000000000000000000000000000000000000000000000000000000000000001
10011111111111111111111111111111111111111111111111111111000110000000000000000000000000000000000000000000000000000000000000000000000000000000000000000000000000000000000000000000000000000000000000000001
10000000000000000000000001000000000000000000010000000001000000000000000000000000000000000000000000000000000000000000000000000000000000000000000000000000000000000000000000000000000000000000000000000001
10000000000000000000000001000000000000000000010000000001000000000000000000000000000000000000000000000000000000000000000000000000000000000000000000000000000000000000000000000000000000000000000000000001
10000000000000000000000001000000000000000000010000000001000000000000000000000000000000000000000000000000000000000000000000000000000000000000000000000000000000000000000000000000000000000000000000000001
10000000000000000000000001000000000000000000010000000000000000000000000000000000000000000000000000000000000000000000000000000000001111000001111000001111000000000000001111000001111000001111000000000001
10000000000000000000000001000000000000000000010000000000000000000000000000000000000000000000000000000000000000000000000000000000001111000001111000001111000000000000001111000001111000001111000000000001
10000000000000000000000001000000000000000000010000000000000000000000000000000000000000000000000000000000000000000000000000011000001111000001111000001111000000000000001111000001111000001111000000001101
10000000000000000000000001000000000000000000010000000000000000000000000000000000000000000000000000000000000000000000000000011000000000000000000000000000000000000000000000000000000000000000000000001101
10000000000000000011111111111111111111111111111111111111111111111111111111111000000000000000000000000000000000000000000000000000000000000000000000000000000000000000000000000000000000000000000000000001
10000000000000000000000001000000000000000000010000000000000000100000000000000000000000000000000000000000000000000000000000000000000000000000000000000000000000000000000000000000000000000000000000000001
10000000000000000000000001000000000000000000010000000000000000100000000000000000000000000000000000000000000000000000000000000000000000000000000000000000000000000000000000000000000000000000000000000001
10000000000000000000000001000000000000000000010000000000000000100000000000000000000000000000000000000000000000000000000000000000000000000000000000000000000000000000000000000000000000000000000000000001
10000000000000000000000001000000000000000000010000000000000000100000000000000000000000000000000000000000000000000000000000011000000000000000000000000000000000000000000000000000000000000000000000001101
10000000000000000000000001000000000000000000010000000000000000100000000000000000000000000000000000000000000000000000000000011000001111000001111000001111000000000000001111000001111000001111000000001101
10000000000000000000000001000000000000000000010000000000000000100000000000000000000000000000000000000000000000000000000000000000001111000001111000001111000000000000001111000001111000001111000000000001
10000000000000000000000001000000000000000000010000000000000000100000000000000000000000000000000000000000000000000000000000000000001111000001111000001111000000000000001111000001111000001111000000000001
10011111111111111111111111111111111111000011111111111111111111100000000000000000000000000000000000000000000000000000000000000000000000000000000000000000000000000000000000000000000000000000000000000001
10000000000000000000000000000000000000000000010000000000000000100000000000000000000000000000000000000000000000000000000000000000000000000000000000000000000000000000000000000000000000000000000000000001
10000000000000000000000000000000000000000000010000000000000000100000000000000000000000000000000000000000000000000000000000011000000000000000000000000000000000000000000000000000000000000000000000001101
10000000000000000000000000000000000000000000010000000000000000100000000000000000000000000000000000000000000000000000000000011000000000000000000000000000000000000000000000000000000000000000000000001101
10000000000000000000000000000000000000000000010000000000000000100000000000000000000000000000000000000000000000000000000000000000000000000000000000000000000000000000000000000000000000000000000000000001
10000000000000000000000000000000000000000000010000000000000000100000000000000000000000000000000000000000000000000000000000000000000000000000000000000000000000000000000000000000000000000000000000000001
10000000000000000000000000000000000000000000010000000000000000100000000000000000000000000000000000000000000000000000000000000000001111000001111000001111000000000000001111000001111000001111000000000001
10000000000000000000000000000000000000000000010000000000000000100000000000000000000000000000000000000000000000000000000000000000001111000001111000001111000000000000001111000001111000001111000000000001
10000000000000000000001111111111111111111111111111111111111111111000011111111000000000000000000000000000000000000000000000011000001111000001111000001111000000000000001111000001111000001111000000001101
10000000000000000000000000000000000000000000000000000000000000100000000000000000000000000000000000000000000000000000000000011000000000000000000000000000000000000000000000000000000000000000000000001101
10000000000000000000000000000000000000000000000000000000000000100000000000000000000000000000000000000000000000000000000000000000000000000000000000000000000000000000000000000000000000000000000000000001
10000000000000000000000000000000000000000000000000000000000000100000000000000000000000000000000000000000000000000000000000000000000000000000000000000000000000000000000000000000000000000000000000000001
10000000000000000000000000000000000000000000000000000000000000100000000000000000000000000000000000000000000000000000000000000000000000000000000000000000000000000000000000000000000000000000000000000001
10000000000000000000000000000000000000000000000000000000000000100000000000000000000000000000000000000000000000000000000000000000000000000000000000000000000000000000000000000000000000000000000000000001
10000000000000000000000000000000000000000000000000000000000000100000000000000000000000000000000000000000000000000000000000011000000000000000000000000000000000000000000000000000000000000000000000001101
10000000000000000000000000000000000000000000000000000000000000100000000000000000000000000000000000000000000000000000000000011000000000000000000000000000000000000000000000000000000000000000000000001101
10011111111111111111111110000111111111111111111111111111111111111111111000000000000000000000000000000000000000000000000000000000000000000000000000000000000000000000000000000000000000000000000000000001
10000000000000000000000000000000000000000000000000000000000000000000000000000000000000000000000000000000000000000000000000000000000000000000000000000000000000000000000000000000000000000000000000000001
10000000000000000000000000000000000000000000000000000000000000000000000000000000000000000000000000000000000000000000000000000011000011000011000011000011000010000000000011000011000011000011000011000001
10000000000000000000000000000000000000000000000000000000000000000000000000000000000000000000000000000000000000000000000000000011000011000011000011000011000010000000000011000011000011000011000011000001
10000000000000000000000000000000000000000000000000000000000000000000000000000000000000000000000000000000000000000000000000000000000000000000000000000000000000000000000000000000000000000000000000000001
11111111111111111111111111111111111111111111111111111111111111111111111111111111111111111111111111111111111111111111111111111111111111111111111111111111111111111111111111111111111111111111111111111111
